ALX,ALY,ALZ,ARX,ARY,ARZ,EMG0L,EMG1L,EMG2L,EMG3L,EMG4L,EMG5L,EMG6L,EMG7L,EMG0R,EMG1R,EMG2R,EMG3R,EMG4R,EMG5R,EMG6R,EMG7R,GLX,GLY,GLZ,GRX,GRY,GRZ,ORL,OPL,OYL,ORR,OPR,OYR,LHNX,LHNY,LHNZ,RHNX,RHNY,RHNZ,HX,HY,HZ,LTX,LTY,LTZ,RTX,RTY,RTZ,SpineMidX,SpineMidY,SpineMidZ,SpineBaseX,SpineBaseY,SpineBaseZ,ShoulderLeftX,ShoulderLeftY,ShoulderLeftZ,ShoulderRightX,ShoulderRightY,ShoulderRightZ,ElbowLeftX,ElbowLeftY,ElbowLeftZ,ElbowRightX,ElbowRightY,ElbowRightZ,Myo_Pose_left,Myo_Pose_Right,Kinect_pose_left,Kinect_pose_right
0.9624023,-0.2592773,0.05273438,-0.05566406,0.9921875,0.2211914,-1,3,6,0,-3,-1,-1,-1,-3,0,6,4,0,-2,-1,-1,-0.3125,-0.3125,-0.3125,-6.625,-6.625,-6.625,2.769703,2.941473,6.077208,7.227448,5.181314,7.113655,-0.04607829,-0.4587138,1.46021,0.3516813,-0.06464214,1.230244,0.1567625,0.3604029,1.541608,-0.09394113,-0.4657079,1.469561,0.3671218,-0.09072884,1.189273,0.1421189,-0.09225084,1.559698,0.1411002,-0.408839,1.545041,-0.03848027,0.08125494,1.557191,0.06180885,-0.40247,1.514395,-0.08163788,-0.1558403,1.550026,0.374636,-0.1662069,1.511856,NA,NA,NotTracked,Unknown,
0.9609375,-0.2734375,0.05517578,-0.3310547,0.8779297,0.1743164,-3,-3,5,1,-1,-1,-1,0,1,3,8,0,-1,-2,0,-1,0.125,0.125,0.125,-3.1875,-3.1875,-3.1875,2.759129,2.938206,6.08878,7.232597,5.550855,7.199189,-0.04585275,-0.4587567,1.460812,0.3399565,7.7639E-05,1.243696,0.1572762,0.3603923,1.541246,-0.09444,-0.4719025,1.470883,0.3606392,-0.02108646,1.212157,0.1422034,-0.09232857,1.559455,0.1410142,-0.4089645,1.544778,-0.03822188,0.08121578,1.556806,0.06167152,-0.402586,1.514011,-0.08144131,-0.1559152,1.549652,0.392987,-0.1646166,1.504432,NA,NA,NotTracked,Closed,
0.9677734,-0.265625,0.05615234,-0.3574219,0.8671875,0.1870117,-3,0,8,1,-1,-2,-2,-2,-5,-7,-7,-6,-2,-1,3,3,3.1875,3.1875,3.1875,-3.625,-3.625,-3.625,2.758793,2.938761,6.092526,7.239422,5.637031,7.22426,-0.0458977,-0.4595518,1.461758,0.3304697,0.05194437,1.263914,0.1579046,0.3597039,1.540515,-0.09335276,-0.4674963,1.469079,0.3462929,0.03690851,1.218761,0.1421099,-0.09243724,1.559342,0.1407877,-0.4091019,1.544567,-0.03780354,0.08136373,1.556524,0.06140754,-0.4027005,1.513737,-0.08129171,-0.1557457,1.549297,0.4073495,-0.1638937,1.513687,NA,NA,NotTracked,Closed,
0.9589844,-0.2631836,0.05908203,-0.5424805,0.7866211,0.137207,-2,-3,0,-1,-4,0,-2,-2,-2,-10,-3,-7,-2,-1,-4,-4,2.25,2.25,2.25,-8.25,-8.25,-8.25,2.761296,2.940765,6.095593,7.281315,5.952385,7.344249,-0.04652905,-0.4595166,1.461892,0.3195365,0.09617911,1.28415,0.1583858,0.3588788,1.54007,-0.09621885,-0.4657841,1.475882,0.3043432,0.08690576,1.23094,0.1420919,-0.09275825,1.559192,0.140501,-0.4094664,1.544227,-0.03729204,0.08160351,1.556172,0.06108656,-0.4029708,1.513426,-0.08116498,-0.155783,1.549209,0.4193223,-0.1558238,1.500394,NA,NA,NotTracked,Unknown,
0.9599609,-0.2641602,0.05175781,-0.6459961,0.6835938,0.1376953,-2,-2,0,2,0,-1,-2,-3,-2,7,2,1,0,-2,-1,-1,2.9375,2.9375,2.9375,-13.8125,-13.8125,-13.8125,2.757396,2.941745,6.105823,7.377359,6.281909,7.535429,-0.04659055,-0.4578411,1.46318,0.307585,0.1323625,1.304281,0.1585251,0.3581379,1.539338,-0.09440012,-0.4685089,1.470895,0.3238944,0.1275037,1.252125,0.1420801,-0.0928706,1.559067,0.1402587,-0.4094512,1.543871,-0.03690507,0.08181249,1.556049,0.06069994,-0.4028312,1.513032,-0.08088926,-0.1554512,1.5491,0.4269705,-0.1402307,1.4719,NA,NA,NotTracked,Unknown,
0.953125,-0.2724609,0.06201172,-0.7475586,0.6049805,0.08935547,0,0,5,-1,0,-1,-2,-1,-11,-1,-2,-2,0,0,5,3,3.125,3.125,3.125,-19.75,-19.75,-19.75,2.750351,2.943057,6.120247,7.457285,6.451226,7.684831,-0.04606359,-0.4574396,1.462982,0.2980182,0.1561336,1.327901,0.1584394,0.3577193,1.538574,-0.09425112,-0.4649819,1.471941,0.3166131,0.1523456,1.273381,0.1421522,-0.09259421,1.558945,0.1400245,-0.4078245,1.543304,-0.03652118,0.08211894,1.556077,0.06026506,-0.4010424,1.512633,-0.08054475,-0.1530324,1.549186,0.4303334,-0.1332441,1.45807,NA,NA,NotTracked,Unknown,
0.9580078,-0.2636719,0.05175781,-0.7944336,0.5097656,0.02685547,-1,-3,-4,-2,-3,-1,-1,-2,1,1,-2,-3,-2,0,0,-5,2.0625,2.0625,2.0625,-36.0625,-36.0625,-36.0625,2.743986,2.943317,6.132854,7.561011,6.592901,7.883338,-0.0464978,-0.4578055,1.462799,0.2800987,0.1803427,1.352278,0.1580873,0.3576218,1.537212,-0.09462426,-0.4673237,1.470904,0.2966838,0.1815942,1.289636,0.1424932,-0.09180845,1.55851,0.139497,-0.4056059,1.54245,-0.03545182,0.08281329,1.556116,0.05951356,-0.3988313,1.512115,-0.08038589,-0.1506647,1.549348,0.427044,-0.1097203,1.425621,NA,NA,NotTracked,Unknown,
0.953125,-0.2768555,0.04296875,-0.8032227,0.4487305,0.009277344,-1,1,3,-1,0,-3,-1,-2,6,-1,-3,-4,2,2,3,1,3.6875,3.6875,3.6875,-36,-36,-36,2.739913,2.945545,6.142572,7.662164,6.673959,8.050276,-0.04643047,-0.4584725,1.463971,0.2693155,0.1886078,1.374298,0.1583291,0.3558124,1.534759,-0.09413103,-0.4669046,1.470214,0.2731307,0.1932846,1.317042,0.143091,-0.09143437,1.558309,0.1389648,-0.4049529,1.542138,-0.03446309,0.08318108,1.556438,0.05879062,-0.3981694,1.512193,-0.08032401,-0.1479609,1.549471,0.42222,-0.08546481,1.404476,NA,NA,NotTracked,Lasso,
0.956543,-0.2695313,0.04248047,-0.8574219,0.4160156,-0.1040039,0,-3,-8,-3,0,-1,-2,0,-5,-4,-4,-3,-3,0,7,-2,2.8125,2.8125,2.8125,-32.75,-32.75,-32.75,2.736454,2.947406,6.151739,7.874731,6.753023,8.354434,-0.046607,-0.4596305,1.462748,0.2656146,0.1855299,1.383863,0.158832,0.3538592,1.532794,-0.0944901,-0.4672375,1.470563,0.2980689,0.1723253,1.321333,0.1439153,-0.09155606,1.557745,0.1385921,-0.4052281,1.541752,-0.03335702,0.08350886,1.556506,0.05830512,-0.3983693,1.512252,-0.08021411,-0.1469653,1.549408,0.4029075,-0.05811954,1.386851,NA,NA,NotTracked,Lasso,
0.9648438,-0.265625,0.05273438,-0.8149414,0.4160156,-0.152832,-2,-1,-3,-4,-2,-1,0,0,-1,0,-2,0,-1,1,3,-1,3.8125,3.8125,3.8125,-30.25,-30.25,-30.25,2.740107,2.951003,6.156729,8.080005,6.780256,8.641451,-0.04725902,-0.453387,1.465018,0.2658185,0.1751721,1.38957,0.1593024,0.3522983,1.531321,-0.09430614,-0.4665209,1.470078,0.2002969,0.2088852,1.367125,0.1438077,-0.09221555,1.557294,0.137957,-0.4064444,1.540875,-0.03231155,0.08356246,1.556334,0.05752732,-0.3994004,1.512171,-0.08019368,-0.146764,1.549476,0.4044183,-0.0571501,1.37876,NA,NA,NotTracked,Unknown,
0.9570313,-0.2705078,0.04882813,-0.8408203,0.4125977,-0.2441406,0,-5,1,-3,0,0,1,-2,0,-3,1,3,-1,0,-1,-2,3.8125,3.8125,3.8125,-2.6875,-2.6875,-2.6875,2.743486,2.951948,6.16089,8.328047,6.779842,8.964255,-0.04637686,-0.4560124,1.463966,0.2628075,0.1739056,1.391734,0.1595417,0.3512873,1.530455,-0.09393092,-0.466702,1.470834,0.2001201,0.2087893,1.367308,0.1436641,-0.0927536,1.556923,0.1376238,-0.4074569,1.540323,-0.03274986,0.08299329,1.552204,0.05705137,-0.400483,1.512139,-0.08018893,-0.1468551,1.549695,0.4045872,-0.05592844,1.374444,NA,NA,NotTracked,Unknown,
0.9545898,-0.2685547,0.05419922,-0.8300781,0.4082031,-0.2646484,-2,-1,-2,-1,-2,0,-1,-2,-2,4,-1,3,2,0,-2,2,3.75,3.75,3.75,10.875,10.875,10.875,2.747107,2.953559,6.166177,8.345723,6.781532,8.969501,-0.04734802,-0.4519342,1.465681,0.2644175,0.1753079,1.391364,0.1596734,0.3502462,1.529567,-0.09328723,-0.4639603,1.468236,0.2001247,0.2088013,1.367359,0.1435463,-0.09316587,1.556669,0.1373154,-0.4080628,1.539923,-0.03203158,0.08317526,1.553298,0.05671129,-0.4010632,1.512169,-0.08012507,-0.1470411,1.550077,0.4042417,-0.04921103,1.366818,NA,NA,NotTracked,Closed,
0.956543,-0.2734375,0.06054688,-0.8574219,0.3994141,-0.2529297,0,-2,4,2,1,-1,-1,-1,1,2,1,-2,-1,-3,-2,2,4.3125,4.3125,4.3125,25.3125,25.3125,25.3125,2.753127,2.955199,6.166732,8.334892,6.791758,8.929232,-0.04792386,-0.4496741,1.466297,0.2555723,0.1978976,1.396985,0.1596337,0.3499784,1.529173,-0.09269919,-0.4630426,1.466208,0.2388773,0.2065839,1.352309,0.1435062,-0.09327728,1.556471,0.1372141,-0.4081918,1.539665,-0.03197518,0.08281897,1.551669,0.0565709,-0.4011883,1.512136,-0.08028102,-0.1466192,1.550507,0.4045428,-0.04818078,1.365916,NA,NA,NotTracked,Closed,
0.9570313,-0.2705078,0.05664063,-0.8740234,0.3964844,-0.25,-2,3,7,0,1,-1,0,1,-4,-5,-1,1,-2,-1,-3,2,4.625,4.625,4.625,31.25,31.25,31.25,2.755579,2.95561,6.166882,8.32197,6.799144,8.895223,-0.04823129,-0.4498947,1.46563,0.2107201,0.2787358,1.410694,0.1594352,0.3499331,1.528965,-0.09477756,-0.4589544,1.474915,0.246262,0.2806417,1.412267,0.1447832,-0.09313185,1.555199,0.1370583,-0.4078414,1.539024,-0.03161231,0.08304352,1.553259,0.05635936,-0.4008019,1.511555,-0.08034814,-0.1464707,1.550605,0.4064846,-0.04760756,1.366668,NA,NA,NotTracked,Unknown,
0.9492188,-0.2807617,0.05810547,-0.8916016,0.3842773,-0.1831055,0,1,3,0,-2,1,-1,0,-1,1,-2,-2,-2,-1,0,0,1.9375,1.9375,1.9375,43.9375,43.9375,43.9375,2.76268,2.957857,6.170876,8.108437,6.849188,8.51791,-0.04779166,-0.4562706,1.462984,0.2730352,0.2165018,1.387944,0.1585412,0.3506813,1.529038,-0.09332395,-0.4638434,1.467822,0.2867997,0.2056118,1.33625,0.144458,-0.09265812,1.555187,0.1368374,-0.4067826,1.538352,-0.03241235,0.08233215,1.550922,0.05613592,-0.3996578,1.510931,-0.08024356,-0.1461027,1.55089,0.4133795,-0.0406763,1.366159,NA,NA,NotTracked,Unknown,
0.9599609,-0.2661133,0.0625,-0.9150391,0.3847656,-0.1030273,-3,-3,-1,-2,-2,-2,0,-1,0,0,0,-1,-1,-3,-3,4,1.3125,1.3125,1.3125,49.375,49.375,49.375,2.766293,2.956865,6.170033,7.898642,6.866899,8.172788,-0.04869849,-0.4549551,1.464268,0.2945048,0.2221869,1.375335,0.1569566,0.3522707,1.529748,-0.09483972,-0.4669718,1.470117,0.3126234,0.2637549,1.38079,0.1438473,-0.09227443,1.555166,0.1367843,-0.4061479,1.537789,-0.03244974,0.08161741,1.552666,0.05618433,-0.3988203,1.510182,-0.07986359,-0.1471198,1.551251,0.4226319,-0.03939721,1.372728,NA,NA,NotTracked,Unknown,
0.9628906,-0.284668,0.06201172,-0.9316406,0.3833008,-0.04492188,-1,-6,-11,-2,0,0,-2,0,0,2,4,2,-6,2,5,15,0.8125,0.8125,0.8125,39.4375,39.4375,39.4375,2.766263,2.954936,6.171761,7.72167,6.858449,7.903893,-0.04755606,-0.456456,1.462862,0.3176989,0.2248701,1.362947,0.1560233,0.3536377,1.530189,-0.09408174,-0.4654953,1.471407,0.3216991,0.1841663,1.412381,0.1434015,-0.09224552,1.555016,0.1369355,-0.4061446,1.537144,-0.03316128,0.08103357,1.550856,0.05646558,-0.3988537,1.50928,-0.07918115,-0.1499836,1.550884,0.4316068,-0.03636818,1.377622,NA,NA,NotTracked,Unknown,
0.9599609,-0.2871094,0.06201172,-0.9755859,0.3818359,-0.06103516,0,-6,-19,-2,-2,1,3,-1,8,2,0,0,2,3,10,11,-1.875,-1.875,-1.875,32.1875,32.1875,32.1875,2.757687,2.954047,6.179925,7.53741,6.836501,7.638524,-0.04749312,-0.458532,1.461315,0.3452629,0.2115344,1.352919,0.1556463,0.3542087,1.530745,-0.09405707,-0.4656062,1.467943,0.3278848,0.1899054,1.436333,0.1432537,-0.09264385,1.554487,0.137097,-0.4067512,1.536562,-0.03320036,0.08059659,1.551536,0.0568626,-0.3997412,1.508613,-0.07898679,-0.1517585,1.551085,0.4410971,-0.05114332,1.401363,NA,NA,NotTracked,Unknown,
0.9638672,-0.277832,0.06201172,-0.9150391,0.4013672,0.06201172,-1,-3,13,1,2,-2,0,-2,-3,0,3,20,8,4,1,-56,-2.625,-2.625,-2.625,38.625,38.625,38.625,2.747819,2.955151,6.187665,7.351872,6.811758,7.373955,-0.04681431,-0.4578548,1.460459,0.3700499,0.2024136,1.344329,0.1554064,0.3546224,1.531193,-0.0933336,-0.4649264,1.467308,0.3843221,0.2499027,1.352727,0.1433669,-0.09311752,1.553757,0.1374192,-0.4074327,1.535704,-0.0338936,0.08001693,1.549187,0.05735702,-0.4006373,1.507914,-0.07890639,-0.1523552,1.550977,0.4445889,-0.0551591,1.409566,NA,NA,NotTracked,Unknown,
0.9619141,-0.2724609,0.05029297,-0.9150391,0.4013672,0.06201172,-1,2,12,-1,-2,0,-1,-1,-5,-6,-5,-10,-5,-2,-5,0,-4.4375,-4.4375,-4.4375,38.625,38.625,38.625,2.739055,2.955073,6.192621,7.351872,6.811758,7.373955,-0.04666085,-0.4599638,1.459601,0.3953861,0.1973388,1.345399,0.1553993,0.3549559,1.531554,-0.09392679,-0.4663459,1.468769,0.4154728,0.2363519,1.321455,0.1434959,-0.09358505,1.553239,0.1376386,-0.4082454,1.535241,-0.03387711,0.07972977,1.55004,0.05778128,-0.4016156,1.507354,-0.07840638,-0.153648,1.550579,0.4468437,-0.0600596,1.419311,NA,NA,NotTracked,Closed,
0.9550781,-0.2675781,0.04589844,-0.9008789,0.2910156,0.2089844,0,1,-5,-4,0,-1,0,-2,-3,1,2,0,-1,1,-4,-19,-9,-9,-9,112.5,112.5,112.5,2.713667,2.951998,6.197802,7.056899,6.792201,6.854782,-0.04606441,-0.4575536,1.459444,0.4172704,0.1924423,1.350942,0.1554463,0.3549897,1.531662,-0.09266996,-0.4649483,1.46597,0.3884716,0.2404845,1.422,0.1436833,-0.09407214,1.552771,0.138031,-0.4090602,1.53463,-0.03377343,0.07965542,1.550164,0.05830159,-0.4024462,1.506758,-0.07781671,-0.1546679,1.549749,0.4623936,-0.08980951,1.425931,NA,NA,NotTracked,Unknown,
0.9624023,-0.2607422,0.04589844,-0.9829102,0.4267578,-0.006347656,-2,-5,-4,1,-2,-1,-1,-1,3,0,-1,0,-2,1,-8,-2,-5.4375,-5.4375,-5.4375,129.75,129.75,129.75,2.707873,2.949272,6.193174,7.190244,6.812893,6.744619,-0.04713285,-0.4497103,1.460664,0.4251639,0.1916435,1.347678,0.1559138,0.3553758,1.531919,-0.0941128,-0.4658726,1.468425,0.3859827,0.2198205,1.379444,0.1439279,-0.09426096,1.55224,0.1383307,-0.4093477,1.534248,-0.03353465,0.07973557,1.550246,0.05873464,-0.4027661,1.506145,-0.07734978,-0.1551298,1.548982,0.4613631,-0.09056985,1.429353,NA,NA,NotTracked,Unknown,
0.9575195,-0.2636719,0.03662109,-0.9130859,0.7700195,0.1582031,-3,-5,-16,-5,-2,-3,0,-1,-3,-6,-2,2,12,1,1,12,-5.75,-5.75,-5.75,-107.8125,-107.8125,-107.8125,2.699215,2.944604,6.1882,7.142676,6.752184,6.705072,-0.04600562,-0.4545546,1.457397,0.4283023,0.1918122,1.348878,0.1566954,0.3557884,1.532192,-0.09387196,-0.4660864,1.468872,0.3961796,0.2290387,1.356469,0.144151,-0.09436066,1.55192,0.1386809,-0.4096746,1.534,-0.03309079,0.07979343,1.550039,0.05912706,-0.4030485,1.505774,-0.07674653,-0.1556922,1.547788,0.4639051,-0.1027334,1.442694,NA,NA,NotTracked,Unknown,
0.9628906,-0.2543945,0.03369141,-0.9545898,0.2456055,0.2675781,-2,-1,0,-1,0,-1,-2,-3,4,1,0,-2,4,8,12,-3,-3.5625,-3.5625,-3.5625,-35.1875,-35.1875,-35.1875,2.69587,2.942269,6.18573,6.835861,6.712025,6.664601,-0.04470347,-0.4551516,1.457587,0.4334916,0.191027,1.350021,0.1576875,0.3564799,1.532269,-0.09138007,-0.4644488,1.463546,0.4028694,0.2331704,1.3568,0.1448923,-0.09438279,1.55124,0.1391882,-0.4099063,1.533697,-0.03231681,0.07995296,1.549681,0.05963895,-0.4032436,1.505369,-0.07642806,-0.1557147,1.546879,0.4641071,-0.1012125,1.442479,NA,NA,NotTracked,Closed,
0.965332,-0.2646484,0.03955078,-0.9995117,0.3857422,0.2114258,0,-4,0,-1,1,-1,-1,0,-9,5,2,-8,2,-7,-9,-36,-2.3125,-2.3125,-2.3125,9.4375,9.4375,9.4375,2.691873,2.941381,6.183922,6.81682,6.710426,6.637591,-0.04408001,-0.4568496,1.456933,0.44464,0.1881635,1.356389,0.1586441,0.3571358,1.532179,-0.09026926,-0.4657277,1.46099,0.4313072,0.1741568,1.420313,0.145349,-0.09433724,1.550756,0.1398467,-0.4101362,1.53336,-0.03186554,0.07999177,1.549287,0.06031419,-0.4034286,1.504902,-0.07578569,-0.1563728,1.545609,0.4641226,-0.1007206,1.442672,NA,NA,NotTracked,Closed,
0.9589844,-0.2592773,0.04101563,-0.8422852,0.2006836,0.2016602,-1,-4,3,-1,0,-1,1,-2,-3,-2,1,-2,-2,2,-1,5,-2,-2,-2,149.625,149.625,149.625,2.688784,2.939997,6.183447,6.877146,6.719922,6.453291,-0.0437691,-0.456537,1.456625,0.4510825,0.1837463,1.353439,0.1596258,0.3576869,1.532111,-0.09111734,-0.4605414,1.466401,0.4145352,0.2102197,1.414035,0.1458233,-0.09427368,1.550366,0.1402678,-0.410203,1.533205,-0.03092379,0.08009858,1.548731,0.0607452,-0.4034922,1.504605,-0.07532413,-0.1568128,1.544796,0.4635037,-0.100823,1.444533,NA,NA,NotTracked,Unknown,
0.9614258,-0.2607422,0.03662109,-0.8901367,0.7299805,0.04150391,0,-3,-2,-2,-1,1,-3,-1,-5,-3,-4,-3,-3,-4,5,-13,0.625,0.625,0.625,89.0625,89.0625,89.0625,2.689502,2.939177,6.181568,7.121584,6.688374,6.494256,-0.04351306,-0.4565332,1.457119,0.4491846,0.1790981,1.347995,0.1603028,0.3580679,1.532175,-0.09192813,-0.4691398,1.467682,0.4038134,0.2200034,1.380608,0.1460776,-0.09422247,1.550159,0.1406646,-0.4103381,1.533104,-0.03033787,0.08011975,1.548433,0.06112817,-0.4036528,1.504401,-0.07504223,-0.1570419,1.544411,0.4631924,-0.1014443,1.449947,NA,NA,NotTracked,Unknown,
0.9663086,-0.269043,0.03857422,-0.9594727,0.4599609,0.1044922,-2,-2,0,0,0,-1,0,0,-1,1,-1,-2,-8,-4,-7,-15,0.1875,0.1875,0.1875,-138.1875,-138.1875,-138.1875,2.68957,2.938235,6.182251,7.050015,6.58963,6.573388,-0.04299093,-0.4574631,1.458017,0.4461145,0.1705254,1.342268,0.1608099,0.3583778,1.532338,-0.09090234,-0.4688781,1.465611,0.4101658,0.2069902,1.345625,0.1463537,-0.09409335,1.549958,0.1410876,-0.4103483,1.533,-0.03000621,0.08025803,1.548186,0.0615366,-0.4037104,1.504276,-0.07491214,-0.1571444,1.544278,0.4645596,-0.1183121,1.466626,NA,NA,NotTracked,Unknown,
0.9580078,-0.2626953,0.04492188,-0.9042969,0.2636719,0.2041016,-1,7,6,-1,-1,-1,-1,-1,-10,-7,-4,-2,-2,-7,-9,-18,0.0625,0.0625,0.0625,-113.625,-113.625,-113.625,2.690977,2.938175,6.180863,6.907393,6.546908,6.573922,-0.04281781,-0.459309,1.457092,0.4456243,0.1682654,1.340014,0.1613085,0.3587503,1.532441,-0.09021363,-0.4653382,1.464028,0.4619274,0.2198868,1.339333,0.14645,-0.09400043,1.549799,0.1412375,-0.4103751,1.532972,-0.02981563,0.08028546,1.548018,0.06169472,-0.4037502,1.504208,-0.07486289,-0.1571992,1.544102,0.4664863,-0.1192545,1.466213,NA,NA,NotTracked,Closed,
0.9536133,-0.2587891,0.04736328,-0.8959961,0.5419922,0.2431641,-1,-10,-31,-3,-2,-1,0,0,2,2,6,7,-1,-4,0,-1,0.3125,0.3125,0.3125,-8.875,-8.875,-8.875,2.691529,2.937613,6.18024,6.817772,6.519504,6.537869,-0.04394344,-0.4503022,1.460166,0.4513149,0.1681136,1.34258,0.1616816,0.3589362,1.532577,-0.09163877,-0.4658796,1.465146,0.4430591,0.1526787,1.411867,0.1465624,-0.09396021,1.549687,0.1415352,-0.4104275,1.532996,-0.02971838,0.08029865,1.547947,0.0619762,-0.4038361,1.504196,-0.074753,-0.1574478,1.543976,0.4645025,-0.1229787,1.469903,NA,NA,NotTracked,Closed,
0.9570313,-0.2705078,0.04248047,-0.8461914,0.3330078,0.2695313,-1,-1,4,-3,-1,0,-1,-3,-10,-2,-2,-3,1,1,-5,-13,-0.25,-0.25,-0.25,106,106,106,2.692937,2.937553,6.178851,6.814809,6.545777,6.423133,-0.04375806,-0.4547204,1.459632,0.4596722,0.1650687,1.339638,0.1620396,0.3591222,1.532666,-0.09166484,-0.4660904,1.464979,0.4243126,0.2169631,1.386364,0.1466385,-0.093914,1.549626,0.1416944,-0.4104539,1.533032,-0.0296075,0.08034926,1.547912,0.06212135,-0.4038735,1.504169,-0.07471181,-0.1575429,1.543971,0.4613098,-0.1169972,1.465393,NA,NA,NotTracked,Unknown,
0.9604492,-0.2724609,0.04541016,-0.890625,0.6186523,0.07519531,-2,-3,-11,-2,-1,-2,-1,-2,-5,-2,-2,2,4,-7,-9,6,-0.0625,-0.0625,-0.0625,111.75,111.75,111.75,2.693305,2.938372,6.179183,7.021214,6.558892,6.414938,-0.04350514,-0.4575245,1.459851,0.4595766,0.1621189,1.334066,0.1623607,0.3593023,1.532899,-0.09057747,-0.4658714,1.464491,0.417465,0.2101554,1.361062,0.1466373,-0.09390697,1.549627,0.1417514,-0.4105067,1.533118,-0.02953661,0.08037646,1.547878,0.06215886,-0.4039116,1.504185,-0.07473686,-0.1572928,1.544054,0.4597527,-0.1156842,1.465191,NA,NA,NotTracked,Unknown,
0.9609375,-0.2651367,0.05126953,-0.8320313,0.7890625,0.1357422,-2,8,-8,-2,-1,0,-2,-1,-2,4,1,-5,-6,-6,-12,-26,-0.3125,-0.3125,-0.3125,-133.0625,-133.0625,-133.0625,2.693183,2.938395,6.18023,7.038232,6.478445,6.484279,-0.04330314,-0.4569193,1.459631,0.4571777,0.1585284,1.331271,0.1624602,0.3593887,1.533089,-0.09077077,-0.4664283,1.464654,0.4396529,0.2113398,1.330474,0.1466323,-0.09391899,1.549641,0.1417461,-0.4105338,1.533267,-0.02941253,0.08041599,1.547886,0.06216442,-0.4039144,1.504241,-0.07479765,-0.1570858,1.54404,0.4563947,-0.12616,1.480416,NA,NA,NotTracked,Unknown,
0.9604492,-0.265625,0.04443359,-0.8530273,0.1948242,0.2749023,1,-5,-8,0,-1,0,-2,-2,13,7,2,4,5,5,7,20,-0.625,-0.625,-0.625,-106.5625,-106.5625,-106.5625,2.695118,2.938447,6.17852,6.810346,6.448545,6.511294,-0.04352403,-0.4575258,1.459963,0.4578625,0.1585406,1.334181,0.1626532,0.3591589,1.533346,-0.09107058,-0.4651557,1.466662,0.4424221,0.1526466,1.38403,0.1466887,-0.0939493,1.54971,0.1417558,-0.4105829,1.53348,-0.0304698,0.08018309,1.54548,0.06217411,-0.4039577,1.504388,-0.07484376,-0.1570161,1.544073,0.4590808,-0.1188943,1.47022,NA,NA,NotTracked,Unknown,
0.9614258,-0.2675781,0.03808594,-0.8540039,0.4345703,0.2685547,-2,-1,1,0,-1,-3,-2,-1,-6,-2,0,-2,-13,-6,-2,-8,-1.4375,-1.4375,-1.4375,44.8125,44.8125,44.8125,2.692891,2.938934,6.178256,6.789529,6.456037,6.477299,-0.0438467,-0.4574024,1.460454,0.4657434,0.1561842,1.332044,0.1628055,0.3590444,1.533461,-0.0914385,-0.4659183,1.466846,0.4351252,0.2108349,1.377294,0.1466672,-0.09403358,1.549786,0.14176,-0.4106756,1.533618,-0.03000608,0.08030995,1.545963,0.06218473,-0.404005,1.504477,-0.07483952,-0.1570704,1.544161,0.455163,-0.1224672,1.474478,NA,NA,NotTracked,Unknown,
0.9667969,-0.2651367,0.04296875,-0.8188477,0.4433594,0.08642578,-2,-1,5,0,0,-2,1,-1,6,5,3,3,8,0,1,4,-0.0625,-0.0625,-0.0625,127.4375,127.4375,127.4375,2.692796,2.93874,6.177701,6.97365,6.47182,6.407233,-0.04433898,-0.4574716,1.459918,0.4662794,0.1503309,1.325322,0.1629598,0.3589953,1.533699,-0.09136923,-0.4655066,1.464844,0.4349377,0.1530379,1.364781,0.1466481,-0.09411425,1.54984,0.1417397,-0.4106876,1.533672,-0.0299412,0.08036866,1.546139,0.06217757,-0.4040158,1.504488,-0.07487576,-0.1572044,1.544273,0.4546944,-0.1214167,1.473652,NA,NA,NotTracked,Unknown,
0.9643555,-0.2680664,0.05175781,-0.7612305,1.122559,0.1660156,-2,-3,-13,-6,-2,0,0,2,-1,-3,-4,-1,-6,-1,-1,15,-1.6875,-1.6875,-1.6875,-89.25,-89.25,-89.25,2.691543,2.938574,6.175941,7.034727,6.390121,6.441296,-0.04384564,-0.4569866,1.458784,0.4671611,0.1482339,1.32336,0.1630213,0.3589945,1.533714,-0.09237421,-0.4676176,1.467976,0.4391905,0.1906334,1.316676,0.146659,-0.09412531,1.549836,0.1417184,-0.4106807,1.533699,-0.02974765,0.08052127,1.546285,0.06216679,-0.4040025,1.50448,-0.07497575,-0.1571218,1.544161,0.4551741,-0.1299066,1.4816,NA,NA,NotTracked,Closed,
0.9570313,-0.2631836,0.03662109,-0.784668,0.03027344,0.3261719,-2,-5,-4,0,0,0,-2,-2,-11,-2,-5,-8,-7,-4,-7,-21,-2.75,-2.75,-2.75,-129.5,-129.5,-129.5,2.688983,2.937959,6.176333,6.763377,6.34261,6.459085,-0.04355029,-0.4572456,1.458275,0.4731971,0.1452109,1.32059,0.1632184,0.3589626,1.533841,-0.09115441,-0.4635225,1.465317,0.447442,0.1889481,1.372667,0.1467039,-0.09411192,1.549881,0.1417126,-0.4106671,1.533762,-0.02968254,0.08067599,1.546527,0.06217095,-0.4039956,1.504485,-0.07499695,-0.1572463,1.544152,0.4540509,-0.1266696,1.479062,NA,NA,NotTracked,Unknown,
0.9667969,-0.2680664,0.04003906,-0.7709961,0.7070313,0.07666016,1,2,7,-1,0,-1,0,-1,1,-3,0,1,2,-2,1,-7,-0.875,-0.875,-0.875,143.5625,143.5625,143.5625,2.688945,2.937964,6.174959,7.048694,6.355932,6.384058,-0.04400181,-0.4589171,1.457989,0.4725501,0.1378462,1.315663,0.1633438,0.3589807,1.533841,-0.09139333,-0.4678484,1.464789,0.426938,0.1931023,1.354647,0.1467579,-0.09409517,1.549864,0.1417313,-0.4106217,1.533775,-0.02957697,0.08065123,1.546562,0.06219826,-0.4039334,1.504483,-0.07498613,-0.157256,1.544088,0.4515186,-0.1291029,1.481402,NA,NA,NotTracked,Unknown,
0.9604492,-0.2646484,0.04736328,-0.7753906,0.6650391,0.1347656,-2,-9,-2,0,0,0,-1,-2,8,1,0,-2,-1,3,3,13,-1.5,-1.5,-1.5,-48.75,-48.75,-48.75,2.686996,2.937676,6.174396,7.121482,6.283818,6.433125,-0.04432354,-0.4602255,1.459548,0.4741598,0.1310132,1.310341,0.1636894,0.3591546,1.534018,-0.09169306,-0.466693,1.462196,0.4312125,0.1807514,1.339815,0.146814,-0.09404892,1.549885,0.1417586,-0.4105665,1.533831,-0.02938626,0.08073477,1.546699,0.06222726,-0.4038727,1.504492,-0.07501397,-0.1572747,1.544104,0.4496111,-0.1352762,1.497882,NA,NA,NotTracked,Unknown,
0.9589844,-0.2617188,0.04736328,-0.7788086,0.5625,0.1616211,1,1,-2,-1,-3,-3,0,1,4,3,1,1,0,-1,-1,10,-0.3125,-0.3125,-0.3125,-50.25,-50.25,-50.25,2.687047,2.937439,6.174178,7.09888,6.270633,6.441218,-0.04424682,-0.4597083,1.45811,0.4755495,0.1239488,1.304109,0.164033,0.359305,1.534071,-0.0916857,-0.4662641,1.464953,0.4318036,0.1837165,1.334425,0.1468138,-0.09397735,1.54985,0.141735,-0.4105367,1.533859,-0.02927298,0.0808482,1.546762,0.06221961,-0.4038093,1.504477,-0.07502033,-0.1572694,1.5441,0.448061,-0.1368827,1.5007,NA,NA,NotTracked,Unknown,
0.9584961,-0.2573242,0.03417969,-0.6416016,0.6914063,0.1499023,-1,0,0,-3,2,-2,-2,-1,-2,-4,-3,0,-2,-1,-2,1,3.375,3.375,3.375,5.0625,5.0625,5.0625,2.690761,2.937355,6.173801,7.097431,6.176952,6.419873,-0.04393726,-0.459644,1.458296,0.478972,0.1119819,1.297492,0.1643932,0.359388,1.53398,-0.09133495,-0.4653784,1.467196,0.4368707,0.1687526,1.326757,0.1468477,-0.09392609,1.549801,0.1417316,-0.4105377,1.533879,-0.02920729,0.08088971,1.546753,0.0622174,-0.4038,1.504486,-0.07505413,-0.1572324,1.54406,0.4472558,-0.1404395,1.504137,NA,NA,NotTracked,Unknown,
0.9672852,-0.2646484,0.03759766,-0.6362305,0.6831055,0.140625,1,0,0,1,-2,-1,-2,-1,-2,-1,-2,0,-2,-3,-1,-3,3.875,3.875,3.875,-2.25,-2.25,-2.25,2.693365,2.93678,6.177484,7.094916,6.116227,6.416654,-0.04458787,-0.4594204,1.458597,0.4812644,0.09173463,1.285398,0.1648348,0.3596848,1.533883,-0.09158567,-0.4654079,1.464722,0.4500001,0.1005691,1.334682,0.1468748,-0.09385353,1.549749,0.1417455,-0.4105195,1.533873,-0.02911798,0.08095736,1.546808,0.06222947,-0.4037742,1.504458,-0.07509919,-0.1570351,1.543954,0.4474455,-0.1398397,1.500521,NA,NA,NotTracked,Unknown,
0.9619141,-0.2719727,0.04052734,-0.5483398,0.7119141,0.1943359,0,0,4,0,-1,-1,0,-1,-5,-4,-4,-2,-2,-1,-2,-1,4.5,4.5,4.5,4.9375,4.9375,4.9375,2.699697,2.937404,6.179397,7.096233,5.957181,6.412325,-0.04486798,-0.4526648,1.46097,0.481883,0.06132508,1.266723,0.1651362,0.3597783,1.533734,-0.09196252,-0.4681634,1.465363,0.4552026,0.07656674,1.324167,0.1469695,-0.09380867,1.549584,0.141747,-0.4105049,1.533863,-0.02901139,0.08101021,1.546898,0.06223191,-0.4037535,1.5044,-0.07508503,-0.1570445,1.543952,0.4479942,-0.1456078,1.50706,NA,NA,NotTracked,Unknown,
0.9677734,-0.2773438,0.05322266,-0.4848633,0.7446289,0.2314453,-1,-2,2,0,-1,0,-1,-1,2,0,1,-1,0,-1,1,1,0.75,0.75,0.75,17.8125,17.8125,17.8125,2.703425,2.938125,6.180123,7.120869,5.805028,6.423414,-0.04443135,-0.4548487,1.459637,0.4845774,0.01654698,1.24849,0.1652273,0.3597551,1.533666,-0.09164008,-0.4674885,1.465375,0.4482197,0.04002076,1.2708,0.14702,-0.09382902,1.54942,0.141757,-0.4105059,1.533839,-0.02895855,0.08102903,1.546989,0.06226639,-0.4037443,1.504345,-0.07509457,-0.1570949,1.544,0.4449312,-0.1455928,1.507559,NA,NA,NotTracked,Unknown,
